27
166
70
255
179
82
166
80
166
80
166
79
166
79
166
79
166
78
166
77
166
77
166
76
166
74
166
73
166
73
166
73
166
72
166
72
166
72
166
72
166
68
166
67
166
67
166
66
166
65
166
64
166
64
166
63
166
63
162
63
160
62
159
62
159
62
159
62
159
61
159
60
159
58
159
57
158
57
158
56
156
56
142
55
115
55
115
54
114
54
114
53
114
53
114
52
114
52
114
51
113
50
113
49
111
49
109
48
107
47
107
46
106
46
106
46
106
46
105
46
105
47
104
47
103
48
103
48
102
49
101
49
101
48
100
46
98
45
96
44
93
43
91
42
89
40
88
39
84
39
84
38
83
38
83
37
82
36
81
35
80
35
63
34
64
34
65
33
64
33
64
32
64
32
64
32
64
33
48
33
48
34
48
33
48
33
48
33
48
33
49
32
50
31
49
30
41
30
41
30
41
28
41
27
40
27
40
36
38
-1
-1
-1
-1
-1
-1
-1
-1
-1
-1
-1
-1
-1
-1
-1
-1
-1
-1
-1
-1
-1
-1
-1
-1
-1
-1
-1
-1
-1
-1
-1
-1
-1
-1
-1
-1
-1
-1
-1
-1
-1
-1
-1
-1
-1
-1
-1
-1
-1
-1
-1
-1
-1
-1
-1
-1
-1
-1
-1
-1
-1
-1
-1
-1
-1
-1
-1
-1
-1
-1
-1
-1
-1
-1
-1
-1
-1
-1
-1
-1
-1
-1
-1
-1
-1
-1
-1
-1
-1
-1
-1
-1
-1
-1
-1
-1
-1
-1
139
140
138
141
136
142
135
142
134
143
134
145
133
146
133
146
133
149
134
150
134
151
134
152
134
152
134
153
134
153
133
154