0
166
70
255
179
-1
-1
-1
-1
-1
-1
-1
-1
-1
-1
-1
-1
-1
-1
-1
-1
-1
-1
-1
-1
-1
-1
-1
-1
-1
-1
-1
-1
-1
-1
-1
-1
-1
-1
-1
-1
-1
-1
-1
-1
-1
-1
-1
-1
-1
-1
-1
-1
-1
-1
-1
-1
-1
-1
99
100
98
100
98
99
95
97
94
98
83
99
81
99
79
100
77
100
76
101
75
101
73
101
71
100
70
100
70
98
69
91
68
90
67
91
66
90
53
94
52
94
51
94
49
94
48
93
47
81
45
80
43
79
41
79
39
78
37
83
35
83
34
83
34
83
33
82
32
82
28
84
25
85
23
85
22
80
21
73
19
72
18
72
18
71
18
71
18
70
14
71
11
72
10
73
10
74
9
75
7
75
6
76
3
77
1
77
1
76
0
75
0
74
0
72
0
70
0
70
0
70
0
70
0
69
0
68
0
68
0
67
0
67
0
66
0
66
0
66
0
65
0
65
0
64
0
64
0
63
0
61
0
60
0
58
0
57
0
55
0
52
0
50
0
50
0
49
0
49
0
48
0
48
0
46
0
40
0
38
0
37
0
36
0
35
0
34
0
35
0
35
0
35
0
35
0
35
0
35
0
35
0
35
0
35
0
35
0
35
0
35
0
166
0
166
0
166
0
166
0
166
0
166
0
166
0
166
0
166
0
166
0
166
0
166
0
166
0
166
0
166
0
166
0
166
0
166
0
166
0
166
0
166
0
166
0
37
0
37
0
36
0
36
0
34
0
27
0
26
0
26
0
25
0
25
0
25
0
25