14
136
70
255
77
83
85
81
87
80
88
80
89
79
90
78
90
78
91
77
91
77
91
77
91
76
91
76
91
76
91
76
91
76
91
54
107
51
110
49
112
49
113
48
114
48
114
48
114
48
114
48
114
48
114
48
114
48
114
48
114
48
114
48
114
48
115
47
115
47
115
47
115
47
115
47
115
47
114
47
114
47
114
47
115
48
114
48
114
48
113
49
113
49
113
49
113
49
113
17
114
15
114
15
114
14
114
14
113
14
113
14
113
14
113
14
113
15
113
15
114
16
114
16
114
16
113
17
112
17
111
18
110
18
109
18
109
18
109
19
109
19
109
20
108
20
108
21
108
22
108
22
108
22
108
22
108
23
109
23
108
24
108
24
108
25
108
25
108
25
107
25
107
26
128
26
132
27
133
28
134
28
135
29
135
30
136
31
135
32
135
32
135
33
135
34
134
34
133
34
132
34
132
34
131
35
131
35
131
35
131
35
130
36
130
36
129
36
128
36
128
36
128
36
128
36
128
36
128
37
128
37
128
38
128
39
128
39
128
39
128
39
128
39
127
39
127
39
127
39
128
39
127
39
127
39
127
39
127
40
126
40
126
40
126
39
125
40
125
40
125
40
125
41
125
41
125
41
124
42
123
42
121
43
120
43
119
43
118
43
117
43
115
43
114
43
112
44
111
44
110
45
110
45
109
46
108
46
107
47
106
48
106
48
106
48
105
49
101
49
99
50
94
52
93
53
93
54
92
61
91
65
90
70
90
71
89
73
88