0
45
70
255
145
-1
-1
-1
-1
-1
-1
-1
-1
-1
-1
-1
-1
-1
-1
-1
-1
-1
-1
-1
-1
-1
-1
-1
-1
-1
-1
-1
-1
-1
-1
-1
-1
-1
-1
-1
-1
-1
-1
-1
-1
-1
-1
-1
-1
-1
-1
-1
-1
-1
-1
-1
-1
-1
-1
-1
-1
-1
-1
-1
-1
-1
-1
-1
-1
-1
-1
-1
-1
-1
-1
-1
-1
-1
-1
-1
-1
-1
-1
-1
-1
-1
-1
-1
-1
-1
-1
-1
-1
-1
-1
-1
-1
-1
-1
-1
-1
-1
-1
-1
-1
-1
-1
-1
-1
-1
-1
-1
-1
-1
-1
-1
-1
-1
-1
-1
-1
-1
-1
-1
-1
35
36
34
37
33
39
32
40
30
40
28
40
26
40
25
40
24
40
23
41
22
41
20
41
18
42
17
42
16
42
16
42
16
42
16
42
14
42
9
42
7
41
6
41
5
42
4
43
4
44
3
44
0
45
0
44
0
44
0
43
0
42
0
41
0
41
0
39
0
39
0
38
0
37
0
33
0
32
0
32
0
31
0
30
0
30
0
30
0
29
0
29
0
29
0
29
0
29
0
30
0
30
0
30
0
30
0
30
0
30
0
29
0
29
0
30
0
30
0
31
0
32
0
33
0
33
0
34
0
35
0
35
0
36
0
37
0
38
0
39
0
39
0
40
0
40
0
41
0
41
0
41
0
41
0
41
0
41
0
41
0
41
0
42
0
43
0
43
0
44
0
44
0
43
0
41
0
39
0
37
0
36
0
36
0
37
0
37
0
37
0
37
0
36
0
36
0
35
0
34
0
32
0
32
0
32
0
31
0
31
0
31
0
31
0
31
0
31
0
31
0
32
0
33