28
159
70
255
135
80
90
80
91
79
93
79
94
79
94
79
95
80
95
80
95
80
95
80
95
80
118
80
120
80
121
56
122
54
122
53
123
53
123
52
123
52
123
51
124
51
124
52
125
52
125
52
125
53
125
53
126
53
126
53
126
53
125
53
125
53
125
53
124
53
124
53
123
52
123
52
122
53
122
53
121
53
121
53
121
53
121
53
122
54
122
54
122
54
122
54
122
32
123
30
123
29
124
28
124
28
124
28
124
28
124
28
124
28
124
28
123
28
123
28
122
28
122
28
121
29
120
29
119
30
119
30
119
30
118
31
118
31
118
31
118
31
118
32
118
32
118
32
118
33
118
33
118
33
118
33
117
33
117
33
116
34
116
34
116
34
116
34
116
34
116
34
116
35
116
35
117
36
117
37
116
38
115
38
115
39
115
39
115
39
114
39
159
39
159
39
159
39
159
39
159
40
159
40
159
40
159
40
159
41
159
41
159
41
159
41
159
41
159
41
159
42
159
42
159
42
159
42
159
42
159
42
159
42
159
42
159
42
159
42
159
42
159
42
158
42
157
42
155
42
153
43
153
43
151
43
150
44
149
44
148
44
147
44
147
45
147
45
146
46
146
46
145
46
144
47
144
47
143
47
142
47
141
48
140
48
139
49
139
50
138
50
136
50
134
51
133
52
133
53
131
54
130
54
128
54
127
54
126
54
124
54
122
55
120
55
119
56
119
56
118
57
117
57
116