0
166
70
255
77
-1
-1
-1
-1
-1
-1
-1
-1
-1
-1
-1
-1
-1
-1
-1
-1
-1
-1
-1
-1
-1
-1
-1
-1
-1
-1
-1
-1
50
55
48
57
48
60
47
62
47
66
47
68
47
70
47
71
48
75
48
77
49
79
50
83
52
85
54
86
56
88
58
89
59
90
61
91
63
93
65
94
68
99
70
103
71
111
72
113
73
114
74
130
75
133
77
136
80
138
84
145
85
147
86
149
86
151
31
152
19
155
17
157
17
158
16
158
16
159
16
160
15
161
15
161
15
161
15
161
16
161
17
161
18
161
19
162
26
162
36
162
47
162
50
163
58
163
58
163
57
163
56
163
47
164
45
165
45
165
42
166
28
166
26
166
10
166
7
166
5
166
4
166
2
166
1
166
1
166
0
166
0
166
0
166
1
166
1
166
2
166
3
165
4
164
6
162
17
161
20
160
62
158
51
157
46
157
37
157
31
157
26
157
22
156
20
156
16
155
16
155
16
155
15
155
15
154
15
151
16
150
16
149
16
148
17
146
17
145
18
144
19
144
30
143
97
142
96
142
93
141
91
140
90
139
89
138
89
137
88
137
86
136
86
135
85
129
85
126
84
122
85
105
85
104
85
102
85
98
86
96
87
95
88
94
90
90
-1
-1
-1
-1
-1
-1
-1
-1
-1
-1
-1
-1
-1
-1
-1
-1
-1
-1
-1
-1
-1
-1
-1
-1
-1
-1
-1
-1
-1
-1
-1
-1
-1
-1
-1
-1
-1
-1
-1
-1
-1
-1
-1
-1
-1
-1
-1
-1
-1
-1
-1
-1
-1
-1
-1
-1
-1
-1
-1
-1