46
126
70
255
110
85
89
84
91
83
92
83
93
82
94
82
94
82
95
82
96
82
97
82
98
81
98
82
99
82
99
82
99
83
100
83
99
84
99
84
99
84
99
85
99
85
100
85
100
85
100
86
100
86
100
86
100
87
100
87
100
87
100
87
101
87
101
87
102
86
102
86
103
86
103
86
104
86
105
86
105
87
106
87
106
87
106
87
106
87
106
87
106
88
105
88
105
88
105
88
106
88
106
88
106
88
106
88
106
88
106
88
106
88
106
87
106
87
106
87
106
88
106
88
106
88
106
88
107
87
107
83
107
81
108
79
108
78
108
77
109
77
109
76
109
76
109
76
109
76
109
77
110
77
110
77
110
78
110
78
110
80
110
80
109
77
109
76
108
68
107
66
107
65
108
59
109
59
110
58
111
57
112
55
113
54
114
53
115
52
116
51
117
50
119
49
120
48
121
48
121
47
122
47
123
47
123
47
124
47
124
46
125
46
125
46
126
46
126
46
126
46
126
46
126
46
126
46
125
46
125
46
125
46
125
47
124
47
124
48
124
48
123
48
123
49
122
49
122
50
121
51
121
52
121
52
120
53
119
53
119
53
118
53
118
52
119
52
119
51
119
51
118
50
118
50
117
51
117
52
117
54
116
55
116
55
114
56
113
56
113
57
112
57
111
58
111
58
113
59
113
60
114
61
114
62
114
63
114
63
113
63
113
64
114
64
114
65
115
65
115
67
115
69
115
69
115
70
115
71
115
73
115
73
116
73
116
73
117
73
116
74
116
74
116