0
169
70
255
110
-1
-1
-1
-1
-1
-1
-1
-1
-1
-1
-1
-1
-1
-1
-1
-1
-1
-1
-1
-1
-1
-1
-1
-1
-1
-1
-1
-1
-1
-1
-1
-1
-1
-1
-1
-1
-1
-1
-1
-1
-1
-1
-1
-1
-1
-1
-1
-1
-1
-1
-1
-1
-1
-1
-1
-1
-1
-1
-1
-1
-1
-1
-1
-1
-1
-1
-1
-1
-1
-1
-1
-1
-1
-1
-1
-1
-1
-1
-1
-1
-1
-1
-1
-1
-1
-1
-1
-1
-1
-1
-1
-1
103
114
98
116
96
119
95
121
94
135
93
136
92
137
91
137
90
138
89
140
89
142
88
144
87
146
85
147
85
148
85
149
85
150
86
153
85
155
84
157
83
157
83
158
82
158
82
160
83
161
83
162
84
162
83
167
83
169
82
169
69
169
67
169
66
169
65
169
65
169
10
169
4
169
2
169
1
169
0
169
0
169
0
169
0
169
0
169
1
169
1
169
2
169
3
169
4
169
6
169
7
169
8
169
9
169
11
169
14
169
29
169
31
169
33
169
35
169
36
169
38
169
61
169
64
169
67
169
73
169
87
169
88
169
89
169
90
169
91
169
92
169
93
166
94
134
94
132
95
125
96
124
98
121
99
119
101
117
103
114
105
110
-1
-1
-1
-1
-1
-1
-1
-1
-1
-1
-1
-1
-1
-1
-1
-1
-1
-1
-1
-1
-1
-1
-1
-1
-1
-1
-1
-1
-1
-1
-1
-1
-1
-1
-1
-1
-1
-1
-1
-1
-1
-1
-1
-1
-1
-1
-1
-1
-1
-1
-1
-1
-1
-1
-1
-1
-1
-1
-1
-1
-1
-1
-1
-1
-1
-1
-1
-1
-1
-1
-1
-1
-1
-1
-1
-1
-1
-1
-1
-1
-1
-1
-1
-1
-1
-1