0
159
70
255
135
-1
-1
-1
-1
-1
-1
-1
-1
-1
-1
-1
-1
-1
-1
-1
-1
-1
-1
-1
-1
-1
-1
-1
-1
-1
-1
-1
-1
-1
-1
-1
-1
-1
-1
-1
-1
-1
-1
-1
-1
-1
-1
-1
-1
-1
-1
-1
-1
-1
-1
-1
-1
-1
-1
-1
-1
49
59
48
61
47
64
47
68
46
71
46
77
46
83
46
85
47
86
48
87
48
89
49
97
51
101
54
107
57
122
58
125
59
129
60
131
66
134
70
138
72
140
78
141
81
144
19
145
17
146
15
147
14
153
14
155
13
157
13
159
13
159
13
159
13
159
14
159
14
159
15
159
17
159
18
159
20
159
23
159
27
159
45
159
47
159
48
159
61
159
61
159
61
159
56
159
40
159
36
159
22
159
2
159
0
159
0
159
0
159
0
159
0
159
0
159
0
159
0
159
0
159
0
159
0
159
1
159
2
159
2
159
3
159
5
159
28
159
68
159
67
159
66
159
53
159
48
159
46
159
42
159
41
159
40
159
38
159
35
159
26
159
23
159
21
159
14
159
13
159
12
159
11
159
10
159
10
159
10
158
10
157
11
156
11
154
12
153
13
153
15
152
19
152
21
151
25
151
117
150
117
149
117
148
117
148
117
147
117
146
116
146
115
144
115
143
114
143
113
142
112
142
112
141
111
139
110
138
109
137
108
136
107
135
106
133
105
132
103
130
102
127
102
126
101
125
101
124
99
123
98
123
97
121
96
121
95
120
94
120
94
119
93
118